function PTDF = NE_estimatedPTDF
%   PTDF matrix for flow-based market coupling 

PTDF.UCTE = [0 -1];

PTDF.Nordic = [
    1	0	0	0	0	0	0	0	0	0	0	0
    0	0.0228	-0.1195	-0.0122	-0.0055	-0.0334	-0.0023	-0.0032	-0.001	0	-0.0023	-0.0023
    0	0.085	0.0448	-0.1017	-0.0455	0.0176	-0.0189	-0.0269	-0.0082	0	-0.0189	-0.0189
    0	0.2193	-0.5526	-0.2619	-0.1171	-0.5676	-0.0486	-0.0693	-0.0212	0	-0.0486	-0.0486
    0	0.673	0.6273	0.3757	0.1681	0.5833	0.0697	0.0994	0.0304	0	0.0697	0.0697
    0	0.0228	0.8805	-0.0122	-0.0055	-0.0334	-0.0023	-0.0032	-0.001	0	-0.0023	-0.0023
    0	0.0636	0.0734	0.1275	-0.3312	0.0829	-0.0736	-0.0322	0.0063	0	-0.0736	-0.0736
    0	-0.242	-0.3279	0.2741	0.1226	-0.399	0.0508	0.0725	0.0222	0	0.0508	0.0508
    0	0.2634	0.2992	0.4968	0.1631	0.3338	0.0039	-0.0672	-0.0368	0	0.0039	0.0039
    0	0.0542	0.0625	0.1085	0.5712	0.0706	-0.0663	-0.0233	0.0053	0	-0.0663	-0.0663
    0	0.0094	0.0109	0.0189	0.0976	0.0123	-0.0073	-0.0089	0.0011	0	-0.0073	-0.0073
    0	0.0542	0.0625	0.1085	0.5712	0.0706	0.9337	-0.0233	0.0053	0	0.9337	0.9337
    0	0	0	0	0	0	0	0	0	0	-1	-1
    0	0.327	0.3727	0.6243	0.8319	0.4167	0.9303	0.9006	-0.0304	0	0.9303	0.9303
    0	1	1	1	1	1	1	1	1	0	1	1
    0	0	0	0	0	0	0	0	0	0	0	-1
];
end

