function mpc = RG_Nordic

% -------------------------------------------------------------------------------------------------------
% Nordic equivalent - RG_Nordic: DK2, NO, SE, FI & RU (Matpower)
% -------------------------------------------------------------------------------------------------------

%% MATPOWER Case Format : Version 2
mpc.version = '2';

%%-----  Power Flow Data  -----%%
%% system MVA base
mpc.baseMVA = 100;

%% bus data
%bus_i type	Pd	   Qd  Gs  Bs area	Vm	Va	baseKV	zone	Vmax	Vmin
mpc.bus = [
    1	1	0	0	0	0	1	1.04215	-5.2154	400	2	1.05	0	;
    2	1	0	0	0	0	1	1.03266	-4.5994	400	2	1.05	0	;
    3	1	0	0	0	0	1	1.0338	-4.8379	400	2	1.05	0.95	;
    4	1	0	0	0	0	1	1.03384	-4.8383	400	2	1.05	0.95	;
    5	1	0	0	0	0	1	1.03265	-3.9105	400	2	1.05	0.95	;
    6	1	0	0	0	0	1	1.03957	-5.0303	400	2	1.05	0.95	;
    7	1	0	0	0	0	1	1.03004	-4.0983	400	2	1.05	0.95	;
    8	1	0	0	0	0	1	1.04104	-3.0048	400	2	1.05	0.95	;
    9	1	0	0	0	0	1	1.0316	-3.9818	400	2	1.05	0.95	;
    10	1	0	0	0	0	1	1.03266	-4.5994	400	2	1.05	0.95	;
    11	1	0	0	0	0	1	1.03315	-3.8331	400	2	1.04	1.02	;
    12	1	0	0	0	0	1	1.03481	-4.0783	400	2	1.05	0.95	;
    13	1	0	0	0	0	1	1.0386	-5.2507	400	2	1.05	0	;
    14	1	0	0	0	0	1	1.05924	-4.6534	232	2	1.05	0	;
    15	1	0	0	0	0	1	1.06402	-4.5619	232	2	1.05	0	;
    16	1	0	0	0	0	1	1.06286	-4.3804	232	2	1.05	0	;
    17	1	0	0	0	-120	1	1.07907	-4.6446	232	2	1.05	0	;
    18	1	0	0	0	0	1	1.08152	-4.6919	232	2	1.05	0	;
    19	1	0	0	0	-120	1	1.06571	-4.5269	232	2	1.04	0.95	;
    20	2	0	0	0	0	1	1.01046	-5.655	132	2	1.1	0.95	;
    21	1	0	0	0	0	1	1.00092	-6.6515	132	2	1.05	0	;
    22	2	0	0	0	0	1	0.99977	-6.7651	132	2	1.05	0.95	;
    23	2	0	0	0	0	1	1.00092	-6.6515	132	2	1.05	0.95	;
    24	1	0	0	0	0	1	1.01889	-4.8645	132	2	1.05	0.95	;
    25	1	0	0	0	0	1	1.01865	-4.9992	132	2	1.05	0.95	;
    26	1	0	0	0	0	1	1.02003	-4.9462	132	2	1.05	0.95	;
    27	2	0	0	0	0	1	1.01276	-6.2354	132	2	1.05	0.95	;
    28	2	0	0	0	0	1	1.01411	-6.1886	132	2	1.05	0.95	;
    29	1	0	0	0	0	1	1.00201	-6.8168	132	2	1.05	0.95	;
    30	1	0	0	0	0	1	1.04166	-7.0092	132	2	1.05	0.95	;
    31	2	0	0	0	0	1	1.07582	-10.652	132	2	1.05	0.95	;
    32	2	0	0	0	-60	1	1.01262	-5.5525	132	2	1.05	0.95	;
    33	1	0	0	0	0	1	1.01425	-5.8308	132	2	1.05	0.95	;
    34	1	0	0	0	0	1	1.0126	-5.7837	132	2	1.05	0.95	;
    35	1	0	0	0	0	1	1.0126	-5.7837	132	2	1.05	0.95	;
    36	1	0	0	0	0	1	1.01368	-6.1977	132	2	1.05	0.95	;
    37	2	0	0	0	0	1	1.01312	-6.1382	132	2	1.05	0.95	;
    38	2	0	0	0	0	1	1.10085	-12.1578	132	2	1.05	0.95	;
    39	1	0	0	0	0	1	1.0945	-11.7843	132	2	1.05	0	;
    40	1	0	0	0	0	1	1.02848	-6.9434	132	2	1.05	0.95	;
    41	1	0	0	0	0	1	1.06461	-9.7175	132	2	1.05	0.95	;
    42	2	0	0	0	0	1	1.00823	-6.3167	132	2	1.05	0.95	;
    43	1	0	0	0	0	1	1.01271	-6.2321	132	2	1.1	0.91	;
    44	1	0	0	0	0	1	1.01492	-5.3852	132	2	1.1	0.95	;
    45	1	0	0	0	0	1	1.02011	-5.0182	132	2	1.1	0.95	;
    46	2	0	0	0	0	1	1.05794	-9.2208	132	2	1.05	0.95	;
    47	2	0	0	0	0	1	1.00092	-6.7459	132	2	1.05	0.95	;
    48	2	0	0	0	0	1	1.02591	-6.8195	132	2	1.05	0	;
    49	2	0	0	0	0	1	1.06198	-10.5781	132	2	1.05	0.95	;
    50	1	0	0	0	0	1	1.0621	-9.2975	132	2	1.05	0.95	;
    51	2	0	0	0	0	1	1.01356	-6.212	132	2	1.05	0.95	;
    52	1	0	0	0	0	1	1.0134	-6.1446	132	2	1.05	0	;
    53	1	0	0	0	0	1	1.01751	-5.7999	132	2	1.05	0.98	;
    54	1	0	0	0	0	1	1.09939	-12.384	132	2	1.05	0.95	;
    55	1	0	0	0	0	1	1.01425	-6.01	132	2	1.05	0	;
    56	1	0	0	0	-50.01	1	1.02743	-6.7658	132	2	1.05	0.95	;
    57	2	0	0	0	0	1	1.03493	-7.298	132	2	1.05	0.95	;
    58	1	0	0	0	0	1	1.0001	-6.7373	132	2	1.05	0.95	;
    59	2	0	0	0	0	1	1.02694	-6.8721	132	2	1.05	0.95	;
    60	1	0	0	0	0	1	1.02591	-6.8195	132	2	1.05	0	;
    61	1	0	0	0	0	1	1.0183	-4.897	132	2	1.05	0.95	;
    62	1	0	0	0	0	1	1.01893	-4.8676	132	2	1.05	0.95	;
    63	1	0	0	0	0	1	1.03388	-7.2577	132	2	1.05	0	;
    64	2	0	0	0	0	1	1.01938	-6.5165	132	2	1.05	0.95	;
    65	2	0	0	0	0	1	1.01486	-6.1356	132	2	1.05	0.95	;
    66	1	0	0	0	0	1	1.011	-6.211	132	2	1.05	0.95	;
    67	1	0	0	0	0	1	1.00173	-6.8232	132	2	1.05	0.95	;
    68	1	0	0	0	0	1	1.01569	-6.1396	132	2	1.05	0.95	;
    69	2	0	0	0	0	1	1.09173	-11.5237	132	2	1.05	0.95	;
    70	1	0	0	0	0	1	1.03143	-7.1406	132	2	1.05	0.95	;
    71	2	0	0	0	0	1	1.01432	-6.1794	132	2	1.05	0.95	;
    72	2	0	0	0	0	1	0.89727	-18.808	132	2	1.05	0.95	;
    73	2	0	0	0	0	1	1.06522	-9.6939	132	2	1.05	0.95	;
    74	2	0	0	0	0	1	1.0183	-4.9461	132	2	1.05	0.95	;
    75	1	0	0	0	0	1	1.0257	-6.7839	132	2	1.05	0.95	;
    76	1	0	0	0	0	1	1.02574	-6.7818	132	2	1.05	0.95	;
    77	2	0	0	0	0	1	1.04892	-8.2423	132	2	1.05	0.95	;
    78	1	0	0	0	0	1	1.09867	-11.5183	132	2	1.05	0.95	;
    79	1	0	0	0	-40	1	1.02762	-7.6032	132	2	1.05	0.95	;
    80	2	0	0	0	0	1	1.11205	-12.2069	132	2	1.05	0.98	;
    81	1	0	0	0	0	1	1.09755	-11.8318	132	2	1.05	0.95	;
    82	1	0	0	0	0	1	1.12172	-12.2543	132	2	1.1	0.91	;
    83	1	0	0	0	0	1	1.11177	-12.1733	132	2	1.1	0.91	;
    84	1	0	0	0	0	1	1.0648	-9.665	132	2	1.05	0.95	;
    85	2	0	0	0	0	1	1.05367	-8.3288	132	2	1.05	0.95	;
    86	2	0	0	0	0	1	1.01519	-6.176	132	2	1.1	0.95	;
    87	1	0	0	0	0	1	1.06141	-9.4783	132	2	1.05	0	;
    88	1	0	0	0	0	1	1.00096	-6.852	132	2	1.05	0.95	;
    89	1	0	0	0	0	1	1.01876	-4.9164	132	2	1.05	0.95	;
    90	2	0	0	0	0	1	1.04136	-7.2086	132	2	1.05	0.95	;
    91	1	0	0	0	0	1	1.01081	-6.0762	132	2	1.05	0.95	;
    92	2	0	0	0	0	1	1.01	-5.9266	132	2	1.05	0.95	;
    93	1	0	0	0	0	1	1.01887	-4.8853	132	2	1.1	0.95	;
    94	2	0	0	0	0	1	1.07606	-11.0572	132	2	1.05	0.95	;
    95	2	0	0	0	0	1	1.08387	7.5213	132	2	1.05	0	;
    96	2	0	0	0	0	1	1.00766	-6.7288	132	2	1.05	0.95	;
    97	1	0	0	0	0	1	1.0126	-5.7837	132	2	1.05	0.95	;
    98	1	0	0	0	0	1	1.0126	-5.7837	132	2	1.05	0	;
    99	2	0	0	0	0	1	1.01404	-6.1099	132	2	1.05	0.95	;
    100	1	0	0	0	0	1	1.00081	-6.8263	132	2	1.05	0.95	;
    101	1	0	0	0	0	1	1.02574	-6.7818	132	2	1.05	0.95	;
    102	2	0	0	0	0	1	1.08751	-11.6377	132	2	1.05	0.95	;
    103	1	0	0	0	0	1	1.01262	-5.7837	132	2	1.05	0	;
    104	2	0	0	0	0	1	1.01052	-6.3433	132	2	1.05	0.95	;
    105	2	0	0	0	0	1	1.09706	-11.4319	132	2	1.05	0.95	;
    106	1	0	0	0	0	1	1.05078	-7.9128	132	2	1.05	0	;
    107	1	0	0	0	0	1	1.03384	-4.8383	21	2	1.05	0.95	;
    108	2	0	0	0	0	1	1.03	-0.1781	19.5	2	1.08	0.92	;
    109	1	0	0	0	0	1	1.01486	-6.1356	18	2	1.05	0.95	;
    110	1	0	0	0	0	1	1.01486	-6.1356	18	2	1.05	0.95	;
    111	1	0	0	0	0	1	1.07606	-11.0572	18	2	1.05	0.95	;
    112	2	0	0	0	0	1	0.97786	-3.9887	17	2	1.05	0.95	;
    113	2	0	0	0	0	1	1.00577	0.3614	17	2	1.05	0.95	;
    114	2	0	0	0	0	1	0.95934	-4.9469	15.8	2	1.05	0	;
    115	2	0	0	0	0	1	0.9812	-4.5411	15.8	2	1.05	0	;
    116	2	0	0	0	0	1	0.9888	1.2725	12	2	1.05	0.95	;
    117	2	0	0	0	0	1	1.01889	-1.1356	11.5	2	1.13	0.87	;
    118	2	0	0	0	0	1	1.0188	-1.1213	11.5	2	1.13	0.87	;
    119	1	0	0	0	0	1	1.01486	-6.1356	11	2	1.05	0.95	;
    120	1	0	0	0	0	1	1.01486	-6.1356	11	2	1.05	0.95	;
    121	2	0	0	0	0	1	0.96432	-4.9508	10	2	1.05	0.95	;
    122	1	0	0	0	0	1	1.0052	-6.7339	10	2	1.05	0.95	;
    123	1	0	0	0	0	1	1.00523	-6.7205	10	2	1.05	0	;
    124	1	0	0	0	0	1	1.04132	-4.5963	10	2	1.05	0	;
    125	1	0	0	0	106.6	1	1.26885	-13.0152	9	2	1.03	1.02	;
    126	1	0	0	0	0	1	1	0	1	2	1.1	0.9	;
    127	1	0	0	0	0	1	1	0	1	2	1.1	0.9	;
    128	1	0	0	0	0	1	1	0	1	2	1.1	0.9	;
    129	1	0	0	0	0	1	1	0	1	2	1.1	0.9	;
    130	1	0	0	0	0	1	1	0	1	2	1.1	0.9	;
    131	1	0	0	0	0	2	1.01501	-10.0236	420	2	1.1	0.9	;
    132	1	0	0	0	0	2	1.05193	-5.1293	420	2	1.1	0.9	;
    133	1	0	0	0	0	2	1.04587	-7.7569	420	2	1.1	0.9	;
    134	1	0	0	0	0	2	1.02028	-10.4868	300	2	1.1	0.9	;
    135	2	0	0	0	0	2	1	-7.4123	20	2	1.1	0.9	;
    136	1	0	0	0	0	2	1.0121	-6.5411	300	2	1.1	0.9	;
    137	2	0	0	0	0	2	1	-1.824	20	2	1.1	0.9	;
    138	1	0	0	0	0	2	1.01743	-5.9267	420	2	1.1	0.9	;
    139	1	0	0	0	0	2	1.01171	-5.6237	420	2	1.1	0.9	;
    140	1	0	0	0	0	2	1.02863	-7.909	300	2	1.1	0.9	;
    141	2	0	0	0	0	2	1	-2.8334	20	2	1.1	0.9	;
