function mpc = RG_UCTE

% -------------------------------------------------------------------------------------------------------
% Nordic equivalent - RG_UCTE: DK1 & DE (Matpower)
% -------------------------------------------------------------------------------------------------------

%% MATPOWER Case Format : Version 2
mpc.version = '2';

%%-----  Power Flow Data  -----%%
%% system MVA base
mpc.baseMVA = 100;

%% bus data
%bus_i type	Pd	   Qd  Gs  Bs area	Vm	Va	baseKV	zone	Vmax	Vmin
mpc.bus = [
    1	1	0	0	0	0	1	1.0203	-6.6127	400	1	1.05	0	;
    2	1	0	0	0	0	1	1.04269	1.4187	400	1	1.05	0	;
    3	1	0	0	0	0	1	1.01092	-5.5427	400	1	1.05	0	;
    4	1	0	0	0	0	1	1.01937	-5.065	400	1	1.05	0	;
    5	1	0	0	0	0	1	1.02778	-3.5067	400	1	1.05	0.9	;
    6	1	0	0	0	0	1	1.02943	-3.3581	400	1	1.05	0	;
    7	1	0	0	0	0	1	1.02043	-6.2558	400	1	1.04	1.01	;
    8	1	0	0	0	0	1	1.0383	0.5739	400	1	1.04	1.01	;
    9	1	0	0	0	0	1	1.01092	-5.5427	400	1	1.04	1.01	;
    10	1	0	0	0	0	1	1.01183	-5.4309	400	1	1.05	0.9	;
    11	1	0	0	0	0	1	1.03031	-1.9192	400	1	1.05	0.9	;
    12	1	0	0	0	0	1	1.01352	-6.0674	400	1	1.05	0.9	;
    13	1	0	0	0	0	1	1.014	-5.4208	400	1	1.05	0.9	;
    14	1	0	0	0	0	1	1.0144	-5.1855	400	1	1.05	0.9	;
    15	1	0	0	0	0	1	1.01633	-3.36	400	1	1.05	0.9	;
    16	1	0	0	0	0	1	1.02012	-2.4108	400	1	1.05	0.9	;
    17	1	0	0	0	0	1	1.04042	1.2268	400	1	1.05	0.9	;
    18	1	0	0	0	0	1	1.01937	-5.065	400	1	1.05	0	;
    19	1	0	0	0	0	1	1.01321	-5.157	400	1	1.05	0.9	;
    20	1	0	0	0	0	1	1.03852	-1.1965	400	1	1.04	1.01	;
    21	1	0	0	0	0	1	1.02001	-2.4103	400	1	1.05	0.9	;
    22	1	0	0	0	0	1	1.04126	1.263	400	1	1.04	1.01	;
    23	1	0	0	0	0	1	1.06559	-1.4138	232	1	1.02	0.98	;
    24	1	0	0	0	0	1	1.03659	-4.9857	232	1	1.03	0.97	;
    25	1	0	0	0	0	1	1.06508	-4.1419	232	1	1.05	0	;
    26	1	0	0	0	0	1	1.03103	-1.9853	232	1	1.05	0	;
    27	1	0	0	0	0	1	1.05294	1.9169	165	1	1.05	0	;
    28	1	0	0	0	0	1	1.00221	-7.7391	165	1	1.05	0	;
    29	1	0	0	0	0	1	1.00534	-7.7161	165	1	1.05	0	;
    30	1	0	0	0	0	1	1.03273	-1.4621	165	1	1.03	0.88	;
    31	1	0	0	0	0	1	1.01244	-7.2767	165	1	1.03	0.88	;
    32	1	0	0	0	0	1	1.03672	-5.5605	165	1	1.03	0.88	;
    33	1	0	0	0	0	1	1.0025	-5.9823	165	1	1.01	0.97	;
    34	1	0	0	0	0	1	1.03411	-1.2707	165	1	1.03	0.88	;
    35	1	0	0	0	0	1	1.00786	-7.3117	165	1	1.03	0.88	;
    36	1	0	0	0	0	1	1.0349	-3.7375	165	1	1.03	0.88	;
    37	1	0	0	0	0	1	1.02867	-3.6248	165	1	1.05	0	;
    38	1	0	0	0	0	1	1.02867	-3.6248	165	1	1.05	0	;
    39	1	0	0	0	0	1	1.02217	-3.8794	165	1	1.01	0.97	;
    40	1	0	0	0	0	1	1.03952	-1.4524	165	1	1.03	0.88	;
    41	1	0	0	0	0	1	1.00767	-5.5519	165	1	1.03	0.88	;
    42	1	0	0	0	0	1	1.05929	-5.8538	165	1	1.01	0.97	;
    43	1	0	0	0	0	1	1.00807	-4.2065	165	1	1.03	0.88	;
    44	1	0	0	0	0	1	1.03096	-1.4801	165	1	1.01	0.97	;
    45	1	0	0	0	0	1	1.00326	-6.9223	165	1	1.03	0.88	;
    46	1	0	0	0	0	1	1.03548	-1.9705	165	1	1.03	0.88	;
    47	1	0	0	0	0	1	1.03758	-3.163	165	1	1.01	0.98	;
    48	1	0	0	0	0	1	1.03758	-3.163	165	1	1.05	0	;
    49	1	0	0	0	0	1	1.00436	-7.2518	165	1	1.03	0.88	;
    50	1	0	0	0	0	1	1.01139	-7.1859	165	1	1.03	0.88	;
    51	1	0	0	0	0	1	1.00876	-4.86	165	1	1.01	0.97	;
    52	1	0	0	0	0	1	1.00778	-6.9346	165	1	1.03	0.88	;
    53	1	0	0	0	0	1	1.03696	-5.234	165	1	1.03	0.88	;
    54	1	0	0	0	0	1	1.02183	-3.5395	165	1	1.03	0.88	;
    55	1	0	0	0	0	1	1.01102	-5.9874	165	1	1.03	0.88	;
    56	1	0	0	0	0	1	1.02568	-4.2705	165	1	1.03	0.88	;
    57	1	0	0	0	0	1	1.08914	-5.8379	165	1	1.02	0.98	;
    58	1	0	0	0	0	1	1.00844	-4.9589	165	1	1.01	0.97	;
    59	1	0	0	0	0	1	1.03594	-1.3919	165	1	1.03	0.88	;
    60	1	0	0	0	0	1	1.03287	-1.4998	165	1	1.05	0	;
    61	1	0	0	0	0	1	1.00991	-4.86	165	1	1.03	0.88	;
    62	1	0	0	0	0	1	1.0299	-3.6371	165	1	1.03	0.88	;
    63	1	0	0	0	0	1	1.02055	-4.4694	165	1	1.03	0.88	;
    64	1	0	0	0	0	1	1.02776	-2.9534	165	1	1.03	0.88	;
    65	1	0	0	0	0	1	1.00181	-6.7422	165	1	1.03	0.88	;
    66	1	0	0	0	0	1	1.02868	-3.0083	165	1	1.03	0.88	;
    67	1	0	0	0	0	1	1.01079	-7.0939	165	1	1.03	0.88	;
    68	1	0	0	0	0	1	1.03509	-2.7673	165	1	1.03	0.88	;
    69	1	0	0	0	0	1	1.03509	-2.755	165	1	1.03	0.88	;
    70	1	0	0	0	0	1	1.01446	-7.0346	165	1	1.03	0.88	;
    71	1	0	0	0	0	1	1.01049	-7.0432	165	1	1.01	0.97	;
    72	1	0	0	0	0	1	1.00985	-4.7201	165	1	1.05	0	;
    73	1	0	0	0	0	1	1.02564	-4.1921	165	1	1.01	0.97	;
    74	1	0	0	0	0	1	1.02643	-3.164	165	1	1.01	0.97	;
    75	1	0	0	0	0	1	1.0084	-4.1682	165	1	1.03	0.88	;
    76	1	0	0	0	0	1	1.00881	-7.3493	165	1	1.03	0.88	;
    77	1	0	0	0	0	1	1.01026	-4.9742	165	1	1.03	0.88	;
    78	1	0	0	0	0	1	1.0111	-4.2915	165	1	1.03	0.88	;
    79	1	0	0	0	0	1	1.00733	-2.917	165	1	1.03	0.88	;
    80	1	0	0	0	0	1	1.00961	-4.6505	165	1	1.03	0.88	;
    81	1	0	0	0	0	1	1.01024	-4.2198	165	1	1.03	0.88	;
    82	1	0	0	0	0	1	1.03438	-2.2237	165	1	1.03	0.88	;
    83	1	0	0	0	0	1	1.03931	-3.4489	165	1	1.03	0.88	;
    84	1	0	0	0	0	1	1.035	-1.3839	165	1	1.01	0.97	;
    85	1	0	0	0	0	1	1.03309	-0.8813	165	1	1.03	0.88	;
    86	1	0	0	0	0	1	1.00437	-7.197	165	1	1.03	0.88	;
    87	1	0	0	0	0	1	1.00241	-7.6719	165	1	1.05	0	;
    88	1	0	0	0	0	1	1.03644	-3.7734	165	1	1.03	0.88	;
    89	1	0	0	0	0	1	1.00669	-5.2071	165	1	1.03	0.88	;
    90	1	0	0	0	0	1	1.0301	-3.8144	165	1	1.01	0.97	;
    91	1	0	0	0	0	1	1.01036	-7.2886	165	1	1.03	0.88	;
    92	1	0	0	0	0	1	1.0409	-1.6229	165	1	1.03	0.88	;
    93	1	0	0	0	0	1	1.03182	-5.0088	165	1	1.03	0.88	;
    94	1	0	0	0	0	1	1.00256	-7.3304	165	1	1.03	0.88	;
    95	1	0	0	0	0	1	1.03173	-3.8663	165	1	1.01	0.97	;
    96	1	0	0	0	0	1	1.03593	-1.4308	165	1	1.03	0.88	;
    97	1	0	0	0	0	1	1.0328	-3.8485	165	1	1.03	0.88	;
    98	1	0	0	0	0	1	1.02676	-4.374	165	1	1.03	0.88	;
    99	1	0	0	0	0	1	1.00398	-7.8694	165	1	1.03	0.88	;
    100	1	0	0	0	0	1	1.0107	-7.1481	165	1	1.03	0.88	;
    101	1	0	0	0	0	1	1.00987	-7.6226	165	1	1.03	0.88	;
    102	1	0	0	0	0	1	1.02547	-3.4596	165	1	1.03	0.88	;
    103	1	0	0	0	0	1	1.03494	-5.7396	165	1	1.03	0.88	;
    104	1	0	0	0	0	1	1.02812	-2.8578	165	1	1.03	0.88	;
    105	1	0	0	0	0	1	1.02607	-2.8426	165	1	1.05	0	;
    106	1	0	0	0	0	1	1.05193	1.8335	165	1	1.01	0.97	;
    107	1	0	0	0	0	1	1.01205	-3.89	165	1	1.01	0.97	;
    108	1	0	0	0	0	1	1.03207	-0.7382	165	1	1.05	0	;
    109	1	0	0	0	0	1	1.02549	-4.1677	165	1	1.03	0.88	;
    110	1	0	0	0	0	1	1.03677	-2.7006	165	1	1.03	0.88	;
    111	1	0	0	0	0	1	1.00616	-3.5996	165	1	1.03	0.88	;
    112	1	0	0	0	0	1	1.03217	-0.9334	165	1	1.03	0.88	;
    113	1	0	0	0	0	1	1.01052	-4.1669	165	1	1.03	0.88	;
    114	2	0	0	0	0	1	1.02	-4.0368	21	1	1.03	1.02	;
    115	2	0	0	0	0	1	1.02	7.0905	21	1	1.03	1.02	;
    116	1	0	0	0	0	1	1.03309	-0.8813	21	1	1.03	1.02	;
    117	1	0	0	0	0	1	1.00256	-7.3304	21	1	1.03	1.02	;
    118	2	0	0	0	0	1	0.98952	-4.6774	21	1	1.03	1.02	;
    119	2	0	0	0	0	1	0.98836	1.5704	19	1	1.03	1.02	;
    120	1	0	0	0	0	1	1.02012	-2.4108	19	1	1.03	1.02	;
    121	3	0	0	0	0	1	0.99	0	19	1	1.03	1.02	;
    122	2	0	0	0	0	1	1	-5.5302	15.8	1	1.05	0	;
    123	1	0	0	0	0	1	1.00611	-5.4756	15	1	1.03	1.02	;
    124	2	0	0	0	0	1	1.01523	1.9279	13	1	1.03	1.02	;
    125	2	0	0	0	0	1	1	-0.7026	12	1	1.03	1.02	;
    126	2	0	0	0	0	1	1.02	-4.3846	11.5	1	1.03	1.02	;
    127	2	0	0	0	0	1	1.02	-4.0028	10.5	1	1.03	1.02	;
    128	1	0	0	0	0	1	1.01294	-5.5421	10	1	1.05	0	;
    129	1	0	0	0	0	1	0.97457	-0.5702	10	1	1.03	1.02	;
    130	1	0	0	0	0	1	1	0	1	1	1.05	0.95	;
    131	1	0	0	0	0	1	1	0	1	1	1.05	0.95	;
    132	1	0	0	0	0	1	1	0	1	1	1.05	0.95	;
    133	1	0	0	0	0	2	1.01366	-6.2033	400	1	1.05	0	;
    134	1	0	0	0	0	2	0.9895	-8.7113	165	1	1.03	0.88	;
];

%% generator data
%	bus	Pg	Qg	Qmax	Qmin	Vg	mBase	status	Pmax	Pmin	Pc1	Pc2	Qc1min	Qc1max	Qc2min	Qc2max	ramp_agc	ramp_10	ramp_30	ramp_q	apf
